0	56880432
5	11607352
10	5481437
15	2651364
20	2010822
25	4351441
30	1929251
35	1129717
40	715306
45	569885
50	2083714
55	511048
60	381051
65	278034
70	221697
75	687185
80	221039
85	169308
90	136994
95	94216
100	1292253
105	473262
110	383610
115	167285
120	259444
125	635194
130	287238
135	252918
140	116190
145	81212
150	399142
155	150015
160	113813
165	66038
170	52771
175	92527
180	66281
185	55906
190	40037
195	28202
200	111861
205	106043
210	48360
215	29730
220	39710
225	62602
230	35609
235	32304
240	25734
245	20182
250	208365
255	56104
260	36083
265	25788
270	29320
275	54303
280	31548
285	21789
290	17020
295	18350
300	118978
305	28393
310	20933
315	18550
320	17769
325	39237
330	21593
335	18664
340	13036
345	10458
350	80094
355	26988
360	18340
365	10479
370	13597
375	21464
380	15487
385	10338
390	9907
395	8215
400	48935
405	11891
410	12700
415	8347
420	7282
425	27094
430	9478
435	7487
440	7644
445	5674
450	28292
455	9663
460	7619
465	5929
470	6191
475	6838
480	6174
485	4593
490	4606
495	4300
500	57458
505	9941
510	6888
515	5865
520	5896
525	27140
530	8491
535	6407
540	5964
545	5268
550	24655
555	7978
560	7649
565	4874
570	4279
575	7249
580	6148
585	4033
590	3921
595	3435
600	10391
605	4615
610	3902
615	3598
620	3437
625	4869
630	4371
635	3712
640	3395
645	2694
650	4879
655	3737
660	3478
665	3057
670	2679
675	3394
680	3475
685	2782
690	2593
695	2561
700	2708
705	2768
710	2211
715	2290
720	2277
725	2352
730	2460
735	2261
740	2516
745	2094
750	27971
755	6115
760	4389
765	4011
770	3438
775	4096
780	3768
785	2865
790	2996
795	2789
800	19622
805	4474
810	3519
815	3639
820	3119
825	8752
830	3130
835	3233
840	2744
845	2470
850	15329
855	4945
860	4094
865	2420
870	3086
875	3920
880	3243
885	2810
890	2753
895	2311
900	3482
905	2677
910	2470
915	2238
920	2251
925	2427
930	2225
935	2225
940	2446
945	1939
950	2780
955	2418
960	2344
965	2109
970	1958
975	2133
980	2357
985	1926
990	2015
995	1839
1000	11354
1005	3044
1010	2255
1015	2698
1020	2550
1025	2670
1030	2667
1035	2194
1040	2233
1045	2310
1050	2247
1055	2268
1060	2129
1065	2030
1070	1859
1075	2289
1080	2209
1085	1832
1090	1919
1095	1813
1100	2235
1105	1952
1110	1722
1115	2015
1120	1925
1125	1794
1130	1915
1135	1910
1140	1897
1145	1712
1150	1912
1155	1875
1160	1891
1165	1817
1170	1690
1175	1813
1180	1869
1185	1604
1190	1717
1195	1573
1200	1953
1205	1897
1210	1615
1215	1664
1220	1672
1225	1628
1230	1649
1235	1607
1240	1782
1245	1602
1250	1663
1255	1725
1260	1778
1265	1765
1270	1585
1275	1658
1280	1679
1285	1452
1290	1598
1295	1469
1300	1702
1305	1669
1310	1543
1315	1536
1320	1584
1325	1506
1330	1465
1335	1420
1340	1587
1345	1489
1350	1644
1355	1536
1360	1447
1365	1529
1370	1515
1375	1494
1380	1594
1385	1396
1390	1545
1395	1430
1400	1542
1405	1367
1410	1427
1415	1502
1420	1467
1425	1430
1430	1377
1435	1390
1440	1526
1445	1368
1450	1420
1455	1355
1460	1438
1465	1453
1470	1357
1475	1458
1480	1453
1485	1398
1490	1373
1495	1329
1500	1639
1505	1411
1510	1247
1515	1326
1520	1373
1525	1400
1530	1346
1535	1355
1540	1389
1545	1260
1550	2054
1555	1457
1560	1354
1565	1399
1570	1290
1575	1389
1580	1434
1585	1250
1590	1382
1595	1261
1600	1383
1605	1190
1610	1220
1615	1308
1620	1292
1625	1189
1630	1217
1635	1265
1640	1341
1645	1204
1650	1212
1655	1239
1660	1234
1665	1271
1670	1159
1675	1220
1680	1273
1685	1109
1690	1242
1695	1206
1700	1285
1705	1196
1710	1098
1715	1203
1720	1248
1725	1089
1730	1166
1735	1129
1740	1220
1745	1096
1750	1113
1755	1176
1760	1204
1765	1152
1770	1145
1775	1117
1780	1134
1785	1077
1790	1118
1795	1118
1800	1116
1805	1080
1810	1066
1815	1095
1820	1134
1825	1050
1830	1060
1835	1060
1840	1199
1845	1142
1850	1055
1855	1112
1860	1065
1865	1092
1870	1058
1875	1069
1880	1090
1885	1022
1890	1126
1895	1025
1900	1045
1905	1069
1910	994
1915	1045
1920	1061
1925	999
1930	981
1935	966
1940	1071
1945	971
1950	968
1955	1022
1960	931
1965	991
1970	977
1975	973
1980	993
1985	964
1990	987
1995	897
2000	975
2005	1024
2010	924
2015	965
2020	942
2025	892
2030	906
2035	885
2040	1010
2045	865
2050	889
2055	901
2060	944
2065	908
2070	865
2075	918
2080	913
2085	869
2090	852
2095	915
2100	912
2105	927
2110	904
2115	906
2120	863
2125	865
2130	821
2135	840
2140	982
2145	826
2150	838
2155	832
2160	869
2165	881
2170	838
2175	853
2180	881
2185	810
2190	880
2195	812
2200	859
2205	861
2210	772
2215	779
2220	856
2225	834
2230	834
2235	695
2240	844
2245	749
2250	908
2255	772
2260	802
2265	772
2270	737
2275	788
2280	864
2285	762
2290	800
2295	738
2300	787
2305	759
2310	734
2315	843
2320	736
2325	743
2330	680
2335	697
2340	746
2345	709
2350	756
2355	737
2360	712
2365	738
2370	757
2375	719
2380	777
2385	681
2390	796
2395	669
2400	694
2405	706
2410	654
2415	713
2420	705
2425	716
2430	746
2435	641
2440	712
2445	702
2450	657
2455	650
2460	699
2465	686
2470	674
2475	663
2480	691
2485	661
2490	627
2495	668
2500	616
2505	667
2510	631
2515	663
2520	646
2525	646
2530	660
2535	655
2540	690
2545	612
2550	605
2555	634
2560	687
2565	644
2570	580
2575	585
2580	659
2585	622
2590	618
2595	589
2600	608
2605	660
2610	592
2615	622
2620	608
2625	579
2630	646
2635	631
2640	586
2645	551
2650	641
2655	587
2660	605
2665	602
2670	552
2675	607
2680	593
2685	551
2690	600
2695	567
2700	581
2705	606
2710	528
2715	579
2720	582
2725	595
2730	534
2735	521
2740	577
2745	552
2750	515
2755	514
2760	558
2765	555
2770	524
2775	532
2780	545
2785	516
2790	572
2795	510
2800	580
2805	526
2810	521
2815	585
2820	512
2825	537
2830	557
2835	456
2840	533
2845	486
2850	529
2855	506
2860	505
2865	534
2870	568
2875	487
2880	528
2885	525
2890	520
2895	471
2900	548
2905	473
2910	497
2915	510
2920	513
2925	502
2930	502
2935	432
2940	526
2945	501
2950	455
2955	491
2960	503
2965	494
2970	460
2975	471
2980	466
2985	454
2990	548
2995	412
3000	492
3005	415
3010	417
3015	461
3020	467
3025	459
3030	445
3035	436
3040	500
3045	478
3050	433
3055	477
3060	427
3065	432
3070	439
3075	443
3080	438
3085	405
3090	435
3095	462
3100	449
3105	416
3110	391
3115	430
3120	397
3125	425
3130	434
3135	440
3140	464
3145	393
3150	406
3155	428
3160	425
3165	405
3170	382
3175	401
3180	372
3185	416
3190	424
3195	429
3200	421
3205	399
3210	382
3215	427
3220	401
3225	370
3230	384
3235	370
3240	405
3245	390
3250	354
3255	381
3260	397
3265	390
3270	376
3275	350
3280	382
3285	366
3290	386
3295	379
3300	400
3305	370
3310	365
3315	373
3320	381
3325	390
3330	351
3335	340
3340	370
3345	371
3350	381
3355	378
3360	369
3365	303
3370	364
3375	364
3380	357
3385	346
3390	350
3395	354
3400	363
3405	326
3410	309
3415	348
3420	362
3425	326
3430	347
3435	339
3440	349
3445	349
3450	330
3455	350
3460	357
3465	337
3470	329
3475	353
3480	342
3485	333
3490	368
3495	332
3500	345
3505	300
3510	312
3515	330
3520	336
3525	333
3530	306
3535	332
3540	352
3545	321
3550	337
3555	325
3560	289
3565	307
3570	263
3575	314
3580	332
3585	279
3590	315
3595	322
3600	321
3605	286
3610	288
3615	316
3620	299
3625	304
3630	280
3635	311
3640	309
3645	276
3650	286
3655	309
3660	292
3665	299
3670	269
3675	292
3680	314
3685	295
3690	288
3695	276
3700	301
3705	269
3710	262
3715	282
3720	291
3725	301
3730	237
3735	261
3740	292
3745	232
3750	252
3755	283
3760	296
3765	259
3770	262
3775	260
3780	277
3785	273
3790	249
3795	270
3800	257
3805	265
3810	258
3815	291
3820	263
3825	242
3830	253
3835	251
3840	238
3845	264
3850	269
3855	240
3860	244
3865	227
3870	241
3875	261
3880	226
3885	239
3890	252
3895	268
3900	264
3905	258
3910	262
3915	238
3920	217
3925	248
3930	249
3935	228
3940	253
3945	252
3950	229
3955	253
3960	249
3965	211
3970	239
3975	234
3980	246
3985	212
3990	244
3995	234
4000	225
4005	240
4010	203
4015	232
4020	247
4025	238
4030	241
4035	222
4040	268
4045	227
4050	217
4055	248
4060	222
4065	246
4070	231
4075	209
4080	271
4085	240
4090	258
4095	240
4100	199
4105	230
4110	203
4115	221
4120	243
4125	231
4130	203
4135	194
4140	214
4145	211
4150	230
4155	211
4160	209
4165	195
4170	181
4175	213
4180	207
4185	233
4190	223
4195	187
4200	184
4205	205
4210	200
4215	238
4220	197
4225	213
4230	208
4235	178
4240	212
4245	188
4250	196
4255	212
4260	165
4265	178
4270	221
4275	210
4280	197
4285	197
4290	212
4295	190
4300	192
4305	196
4310	193
4315	209
4320	194
4325	182
4330	170
4335	174
4340	215
4345	179
4350	210
4355	165
4360	204
4365	187
4370	177
4375	176
4380	198
4385	172
4390	174
4395	201
4400	192
4405	190
4410	163
4415	160
4420	183
4425	178
4430	181
4435	199
4440	181
4445	154
4450	170
4455	171
4460	194
4465	193
4470	169
4475	191
4480	174
4485	166
4490	177
4495	180
4500	183
4505	191
4510	167
4515	181
4520	172
4525	180
4530	155
4535	181
4540	167
4545	181
4550	163
4555	164
4560	164
4565	178
4570	153
4575	182
4580	173
4585	145
4590	164
4595	161
4600	146
4605	185
4610	161
4615	151
4620	162
4625	171
4630	163
4635	170
4640	160
4645	174
4650	156
4655	143
4660	152
4665	182
4670	134
4675	145
4680	157
4685	142
4690	185
4695	132
4700	161
4705	149
4710	153
4715	163
4720	155
4725	138
4730	149
4735	136
4740	150
4745	157
4750	146
4755	130
4760	151
4765	142
4770	127
4775	167
4780	136
4785	145
4790	143
4795	115
4800	150
4805	132
4810	150
4815	153
4820	143
4825	152
4830	124
4835	146
4840	119
4845	141
4850	137
4855	142
4860	110
4865	142
4870	123
4875	127
4880	165
4885	153
4890	149
4895	142
4900	131
4905	131
4910	122
4915	146
4920	161
4925	124
4930	144
4935	133
4940	152
4945	120
4950	128
4955	121
4960	132
4965	139
4970	127
4975	117
4980	127
4985	130
4990	158
4995	132
5000	134
5005	123
5010	115
5015	133
5020	133
5025	129
5030	121
5035	121
5040	125
5045	141
5050	116
5055	114
5060	131
5065	140
5070	152
5075	118
5080	115
5085	119
5090	133
5095	130
5100	135
5105	135
5110	111
5115	119
5120	118
5125	128
5130	112
5135	112
5140	113
5145	116
5150	130
5155	102
5160	111
5165	138
5170	117
5175	110
5180	109
5185	99
5190	118
5195	121
5200	125
5205	98
5210	113
5215	126
5220	118
5225	117
5230	114
5235	116
5240	123
5245	102
5250	110
5255	123
5260	142
5265	117
5270	115
5275	125
5280	133
5285	87
5290	112
5295	106
5300	92
5305	131
5310	103
5315	123
5320	122
5325	96
5330	114
5335	106
5340	104
5345	98
5350	104
5355	104
5360	114
5365	124
5370	103
5375	99
5380	102
5385	113
5390	119
5395	113
5400	92
5405	90
5410	82
5415	98
5420	102
5425	113
5430	132
5435	109
5440	98
5445	85
5450	91
5455	97
5460	93
5465	107
5470	106
5475	107
5480	106
5485	96
5490	88
5495	101
5500	106
5505	89
5510	95
5515	104
5520	110
5525	102
5530	80
5535	86
5540	99
5545	94
5550	85
5555	94
5560	97
5565	104
5570	88
5575	88
5580	78
5585	91
5590	91
5595	102
5600	90
5605	81
5610	73
5615	102
5620	87
5625	93
5630	79
5635	110
5640	83
5645	83
5650	93
5655	71
5660	78
5665	102
5670	90
5675	89
5680	89
5685	88
5690	88
5695	75
5700	96
5705	83
5710	75
5715	74
5720	96
5725	85
5730	96
5735	67
5740	91
5745	73
5750	77
5755	69
5760	81
5765	79
5770	89
5775	75
5780	89
5785	82
5790	78
5795	69
5800	76
5805	84
5810	64
5815	68
5820	88
5825	84
5830	70
5835	77
5840	102
5845	85
5850	110
5855	72
5860	79
5865	95
5870	82
5875	85
5880	78
5885	66
5890	94
5895	63
5900	73
5905	77
5910	65
5915	77
5920	77
5925	66
5930	70
5935	74
5940	69
5945	81
5950	69
5955	76
5960	79
5965	77
5970	63
5975	81
5980	71
5985	72
5990	79
5995	77
6000	76
6005	72
6010	79
6015	79
6020	90
6025	69
6030	66
6035	64
6040	71
6045	73
6050	62
6055	66
6060	86
6065	63
6070	71
6075	68
6080	77
6085	70
6090	64
6095	72
6100	79
6105	67
6110	65
6115	75
6120	64
6125	53
6130	69
6135	79
6140	75
6145	76
6150	56
6155	60
6160	51
6165	64
6170	69
6175	64
6180	71
6185	69
6190	67
6195	71
6200	56
6205	52
6210	49
6215	66
6220	56
6225	65
6230	56
6235	56
6240	61
6245	61
6250	50
6255	74
6260	61
6265	63
6270	61
6275	57
6280	58
6285	52
6290	67
6295	59
6300	61
6305	59
6310	69
6315	45
6320	66
6325	55
6330	50
6335	61
6340	70
6345	63
6350	66
6355	59
6360	62
6365	52
6370	60
6375	70
6380	61
6385	51
6390	47
6395	49
6400	59
6405	64
6410	49
6415	43
6420	56
6425	54
6430	54
6435	63
6440	57
6445	47
6450	53
6455	58
6460	74
6465	53
6470	46
6475	53
6480	58
6485	48
6490	58
6495	55
6500	59
6505	63
6510	50
6515	65
6520	44
6525	34
6530	46
6535	36
6540	55
6545	53
6550	71
6555	64
6560	51
6565	62
6570	56
6575	58
6580	69
6585	43
6590	52
6595	50
6600	54
6605	41
6610	64
6615	52
6620	46
6625	47
6630	50
6635	44
6640	48
6645	48
6650	38
6655	43
6660	49
6665	46
6670	56
6675	58
6680	54
6685	40
6690	47
6695	59
6700	36
6705	48
6710	59
6715	51
6720	46
6725	49
6730	41
6735	46
6740	45
6745	39
6750	42
6755	56
6760	52
6765	47
6770	40
6775	48
6780	46
6785	31
6790	48
6795	55
6800	42
6805	48
6810	44
6815	43
6820	46
6825	37
6830	36
6835	37
6840	47
6845	46
6850	42
6855	39
6860	35
6865	51
6870	47
6875	43
6880	46
6885	45
6890	27
6895	45
6900	37
6905	37
6910	33
6915	43
6920	43
6925	53
6930	42
6935	47
6940	31
6945	38
6950	51
6955	43
6960	49
6965	26
6970	36
6975	46
6980	49
6985	41
6990	45
6995	47
7000	36
7005	44
7010	46
7015	49
7020	39
7025	42
7030	53
7035	37
7040	33
7045	32
7050	24
7055	36
7060	35
7065	50
7070	38
7075	35
7080	45
7085	40
7090	46
7095	42
7100	26
7105	41
7110	41
7115	38
7120	47
7125	48
7130	42
7135	38
7140	40
7145	37
7150	37
7155	33
7160	31
7165	37
7170	33
7175	31
7180	48
7185	37
7190	34
7195	33
7200	44
7205	29
7210	29
7215	47
7220	36
7225	47
7230	25
7235	36
7240	26
7245	31
7250	37
7255	33
7260	38
7265	34
7270	30
7275	39
7280	36
7285	38
7290	36
7295	32
7300	39
7305	31
7310	28
7315	33
7320	39
7325	32
7330	30
7335	32
7340	37
7345	27
7350	36
7355	31
7360	35
7365	34
7370	40
7375	35
7380	33
7385	29
7390	36
7395	31
7400	29
7405	32
7410	27
7415	29
7420	29
7425	35
7430	41
7435	23
7440	33
7445	33
7450	36
7455	41
7460	29
7465	25
7470	32
7475	34
7480	36
7485	27
7490	45
7495	43
7500	33
7505	30
7510	28
7515	35
7520	28
7525	32
7530	31
7535	32
7540	31
7545	31
7550	24
7555	29
7560	32
7565	28
7570	31
7575	33
7580	21
7585	26
7590	22
7595	26
7600	27
7605	33
7610	23
7615	28
7620	25
7625	31
7630	34
7635	31
7640	24
7645	27
7650	29
7655	26
7660	29
7665	35
7670	40
7675	29
7680	29
7685	23
7690	34
7695	25
7700	32
7705	25
7710	21
7715	33
7720	32
7725	34
7730	14
7735	29
7740	41
7745	29
7750	31
7755	29
7760	30
7765	31
7770	21
7775	30
7780	22
7785	17
7790	32
7795	18
7800	22
7805	26
7810	23
7815	21
7820	25
7825	27
7830	19
7835	20
7840	28
7845	35
7850	23
7855	26
7860	31
7865	29
7870	27
7875	31
7880	33
7885	25
7890	26
7895	20
7900	20
7905	28
7910	19
7915	24
7920	30
7925	33
7930	32
7935	18
7940	30
7945	34
7950	30
7955	21
7960	25
7965	32
7970	21
7975	18
7980	19
7985	16
7990	17
7995	24
8000	21
8005	21
8010	29
8015	25
8020	26
8025	36
8030	23
8035	19
8040	29
8045	18
8050	26
8055	25
8060	24
8065	36
8070	22
8075	25
8080	19
8085	22
8090	18
8095	31
8100	25
8105	24
8110	28
8115	26
8120	27
8125	14
8130	28
8135	22
8140	23
8145	26
8150	23
8155	22
8160	18
8165	23
8170	22
8175	23
8180	16
8185	23
8190	11
8195	19
8200	13
8205	27
8210	19
8215	31
8220	17
8225	22
8230	19
8235	26
8240	24
8245	20
8250	22
8255	21
8260	12
8265	27
8270	17
8275	15
8280	18
8285	29
8290	17
8295	16
8300	9
8305	24
8310	14
8315	17
8320	15
8325	21
8330	28
8335	12
8340	31
8345	20
8350	19
8355	19
8360	19
8365	23
8370	32
8375	28
8380	18
8385	20
8390	12
8395	24
8400	19
8405	17
8410	18
8415	21
8420	20
8425	20
8430	14
8435	17
8440	18
8445	22
8450	16
8455	19
8460	25
8465	20
8470	17
8475	21
8480	25
8485	19
8490	18
8495	12
8500	22
8505	14
8510	17
8515	13
8520	14
8525	16
8530	20
8535	14
8540	17
8545	17
8550	12
8555	18
8560	15
8565	11
8570	15
8575	13
8580	10
8585	23
8590	21
8595	9
8600	19
8605	21
8610	12
8615	20
8620	20
8625	20
8630	10
8635	17
8640	16
8645	11
8650	20
8655	28
8660	12
8665	16
8670	22
8675	15
8680	20
8685	12
8690	15
8695	18
8700	13
8705	16
8710	18
8715	15
8720	20
8725	15
8730	16
8735	18
8740	21
8745	13
8750	23
8755	17
8760	20
8765	17
8770	18
8775	13
8780	17
8785	13
8790	22
8795	21
8800	21
8805	12
8810	23
8815	20
8820	19
8825	17
8830	15
8835	21
8840	16
8845	16
8850	17
8855	10
8860	13
8865	15
8870	14
8875	13
8880	8
8885	21
8890	12
8895	18
8900	19
8905	9
8910	19
8915	16
8920	18
8925	19
8930	8
8935	17
8940	14
8945	14
8950	13
8955	19
8960	17
8965	10
8970	19
8975	20
8980	12
8985	17
8990	13
8995	14
9000	11
9005	19
9010	14
9015	13
9020	16
9025	12
9030	15
9035	13
9040	15
9045	13
9050	12
9055	14
9060	11
9065	17
9070	15
9075	14
9080	19
9085	4
9090	16
9095	12
9100	13
9105	11
9110	13
9115	17
9120	14
9125	11
9130	13
9135	19
9140	19
9145	13
9150	14
9155	15
9160	7
9165	12
9170	19
9175	8
9180	12
9185	16
9190	16
9195	11
9200	15
9205	11
9210	11
9215	17
9220	11
9225	19
9230	12
9235	12
9240	8
9245	6
9250	15
9255	12
9260	17
9265	9
9270	9
9275	9
9280	18
9285	12
9290	22
9295	18
9300	12
9305	20
9310	14
9315	11
9320	15
9325	17
9330	14
9335	6
9340	17
9345	9
9350	11
9355	12
9360	7
9365	18
9370	16
9375	12
9380	8
9385	15
9390	14
9395	11
9400	7
9405	19
9410	7
9415	13
9420	17
9425	9
9430	16
9435	13
9440	14
9445	13
9450	10
9455	13
9460	11
9465	10
9470	18
9475	13
9480	11
9485	12
9490	18
9495	14
9500	16
9505	13
9510	11
9515	16
9520	16
9525	16
9530	10
9535	12
9540	14
9545	5
9550	11
9555	8
9560	18
9565	14
9570	9
9575	11
9580	14
9585	8
9590	12
9595	17
9600	11
9605	9
9610	10
9615	11
9620	8
9625	6
9630	12
9635	8
9640	9
9645	10
9650	11
9655	13
9660	14
9665	10
9670	10
9675	13
9680	6
9685	13
9690	7
9695	14
9700	11
9705	10
9710	12
9715	10
9720	16
9725	13
9730	13
9735	9
9740	18
9745	10
9750	12
9755	7
9760	10
9765	17
9770	10
9775	12
9780	12
9785	7
9790	11
9795	11
9800	9
9805	10
9810	9
9815	9
9820	7
9825	4
9830	9
9835	8
9840	8
9845	12
9850	14
9855	7
9860	9
9865	9
9870	14
9875	7
9880	4
9885	7
9890	14
9895	6
9900	6
9905	8
9910	6
9915	13
9920	7
9925	11
9930	8
9935	9
9940	11
9945	19
9950	10
9955	11
9960	8
9965	10
9970	7
9975	11
9980	4
9985	9
9990	8
9995	14
10000	12
10005	9
10010	11
10015	11
10020	8
10025	10
10030	7
10035	6
10040	12
10045	7
10050	8
10055	5
10060	11
10065	10
10070	6
10075	9
10080	9
10085	8
10090	6
10095	9
10100	4
10105	9
10110	13
10115	7
10120	5
10125	5
10130	4
10135	8
10140	8
10145	9
10150	9
10155	13
10160	6
10165	9
10170	9
10175	9
10180	11
10185	10
10190	14
10195	6
10200	7
10205	7
10210	8
10215	7
10220	9
10225	14
10230	5
10235	9
10240	8
10245	5
10250	6
10255	10
10260	9
10265	12
10270	7
10275	11
10280	4
10285	10
10290	6
10295	9
10300	12
10305	7
10310	3
10315	6
10320	8
10325	8
10330	9
10335	6
10340	8
10345	8
10350	11
10355	10
10360	8
10365	10
10370	7
10375	11
10380	7
10385	4
10390	4
10395	6
10400	7
10405	7
10410	6
10415	6
10420	11
10425	5
10430	9
10435	7
10440	8
10445	6
10450	8
10455	8
10460	8
10465	4
10470	7
10475	11
10480	7
10485	7
10490	6
10495	10
10500	10
10505	6
10510	8
10515	8
10520	5
10525	6
10530	7
10535	13
10540	6
10545	1
10550	5
10555	5
10560	3
10565	8
10570	6
10575	7
10580	5
10585	11
10590	6
10595	5
10600	8
10605	6
10610	3
10615	14
10620	13
10625	4
10630	1
10635	8
10640	10
10645	7
10650	4
10655	9
10660	6
10665	8
10670	9
10675	9
10680	3
10685	9
10690	3
10695	1
10700	3
10705	6
10710	6
10715	10
10720	5
10725	7
10730	9
10735	9
10740	10
10745	4
10750	10
10755	6
10760	3
10765	5
10770	7
10775	10
10780	6
10785	8
10790	6
10795	11
10800	2
10805	6
10810	6
10815	7
10820	6
10825	7
10830	5
10835	8
10840	6
10845	8
10850	7
10855	6
10860	2
10865	2
10870	10
10875	6
10880	5
10885	6
10890	11
10895	5
10900	2
10905	5
10910	3
10915	6
10920	8
10925	4
10930	12
10935	13
10940	8
10945	6
10950	4
10955	8
10960	8
10965	6
10970	6
10975	6
10980	6
10985	5
10990	3
10995	7
11000	5
11005	9
11010	4
11015	4
11020	6
11025	8
11030	6
11035	5
11040	6
11045	6
11050	8
11055	5
11060	1
11065	8
11070	2
11075	9
11080	5
11085	3
11090	11
11095	4
11100	1
11105	4
11110	6
11115	6
11120	4
11125	9
11130	6
11135	5
11140	3
11145	3
11150	4
11155	3
11160	6
11165	7
11170	6
11175	6
11180	6
11185	6
11190	4
11195	2
11200	2
11205	2
11210	4
11215	9
11220	4
11225	6
11230	8
11235	6
11240	6
11245	4
11250	6
11255	6
11260	4
11265	2
11270	8
11275	7
11280	8
11285	3
11290	1
11295	7
11300	5
11305	9
11310	6
11315	4
11320	7
11325	2
11335	6
11340	4
11345	4
11350	5
11355	4
11360	3
11365	3
11370	5
11375	4
11380	5
11385	7
11390	3
11395	4
11400	5
11405	4
11410	5
11415	11
11420	7
11425	5
11430	2
11435	3
11440	4
11445	4
11450	9
11455	2
11460	3
11465	7
11470	6
11475	2
11480	5
11485	5
11490	3
11495	5
11500	5
11505	6
11510	4
11515	4
11520	6
11525	3
11530	5
11535	7
11540	6
11545	4
11550	3
11555	2
11560	6
11565	3
11570	2
11575	3
11580	5
11585	6
11590	2
11595	3
11600	6
11605	5
11610	6
11615	3
11620	5
11625	6
11630	4
11635	1
11640	2
11645	2
11650	2
11655	1
11660	4
11665	3
11670	2
11675	3
11680	1
11685	5
11690	6
11695	5
11700	4
11705	6
11710	1
11715	4
11720	4
11725	3
11730	5
11735	3
11740	7
11745	3
11750	6
11755	3
11760	2
11765	5
11770	3
11775	6
11780	6
11785	1
11790	5
11795	5
11800	3
11805	1
11810	3
11815	4
11820	6
11825	1
11830	2
11835	4
11840	8
11845	4
11850	6
11855	11
11860	4
11865	4
11870	5
11875	4
11880	3
11885	6
11890	4
11895	4
11900	10
11905	6
11910	5
11915	6
11920	4
11925	3
11930	2
11935	4
11945	2
11950	2
11955	5
11960	3
11965	6
11970	2
11975	7
11980	5
11985	5
11990	7
11995	2
12000	5
12005	4
12010	3
12015	7
12020	3
12025	5
12030	3
12035	5
12040	4
12045	2
12050	3
12055	6
12060	2
12065	2
12070	4
12075	3
12080	3
12085	3
12090	3
12095	7
12100	3
12105	4
12110	1
12115	3
12120	3
12125	3
12130	6
12135	2
12140	4
12145	4
12150	4
12155	3
12160	4
12165	3
12170	1
12175	3
12180	5
12185	4
12190	3
12195	4
12200	1
12205	3
12215	6
12220	4
12225	2
12230	3
12235	4
12240	1
12245	3
12255	3
12260	4
12265	2
12270	5
12275	3
12280	3
12285	4
12290	5
12295	2
12300	2
12310	5
12315	2
12320	3
12325	4
12330	7
12335	4
12340	2
12345	2
12350	2
12355	4
12360	3
12365	6
12370	5
12380	2
12385	6
12390	3
12395	2
12400	7
12405	2
12410	1
12415	6
12420	3
12430	3
12435	3
12440	5
12445	3
12450	3
12455	5
12465	6
12470	2
12475	2
12480	6
12485	5
12490	3
12495	1
12500	5
12505	3
12510	5
12515	6
12520	4
12525	2
12535	1
12540	4
12545	3
12550	2
12555	4
12560	4
12565	2
12570	3
12575	4
12580	3
12585	5
12590	2
12595	3
12600	1
12610	4
12615	5
12620	2
12625	3
12630	1
12635	2
12640	3
12645	2
12650	2
12655	2
12660	7
12665	2
12670	2
12675	1
12680	4
12685	1
12690	3
12695	3
12700	2
12705	1
12710	2
12715	5
12720	3
12725	2
12730	3
12735	2
12740	5
12745	6
12750	5
12755	1
12760	1
12765	5
12770	1
12775	4
12780	2
12790	2
12795	1
12800	4
12805	1
12810	4
12815	2
12820	2
12825	3
12830	1
12835	1
12840	1
12845	3
12850	2
12855	4
12860	7
12865	4
12870	1
12875	1
12880	6
12885	1
12890	2
12895	4
12900	1
12905	3
12910	2
12915	1
12920	4
12925	6
12930	2
12935	2
12940	5
12945	4
12950	2
12960	2
12965	3
12980	5
12985	1
12990	1
12995	3
13000	2
13005	3
13010	4
13015	5
13020	3
13030	4
13035	4
13040	6
13045	3
13050	3
13055	2
13060	7
13070	3
13075	1
13080	3
13085	2
13090	3
13095	2
13100	4
13105	2
13110	3
13115	4
13120	3
13125	1
13130	1
13135	1
13140	6
13145	4
13150	1
13155	3
13160	1
13165	5
13170	2
13175	4
13180	3
13185	4
13190	1
13195	1
13200	1
13205	4
13210	3
13215	2
13220	5
13225	3
13230	1
13235	3
13240	4
13245	2
13250	2
13255	4
13260	1
13275	2
13280	2
13285	2
13290	1
13295	4
13300	2
13305	2
13310	4
13315	4
13320	3
13325	2
13335	2
13340	1
13345	1
13350	3
13355	3
13360	5
13365	4
13370	1
13380	6
13385	4
13390	2
13395	1
13400	4
13405	1
13410	1
13415	3
13420	2
13425	3
13430	2
13435	1
13440	3
13445	2
13450	2
13455	2
13460	1
13465	4
13470	3
13475	2
13480	2
13485	3
13490	3
13495	1
13500	2
13505	1
13510	3
13515	4
13520	2
13525	1
13530	1
13535	3
13540	1
13545	3
13550	2
13555	1
13560	2
13565	3
13570	2
13575	1
13580	1
13585	3
13590	3
13595	3
13600	5
13610	1
13615	2
13620	1
13625	2
13635	4
13640	2
13645	3
13650	4
13655	3
13660	3
13665	3
13670	3
13675	1
13695	3
13700	1
13705	2
13710	2
13720	2
13725	2
13730	2
13735	1
13740	3
13745	1
13750	2
13755	5
13760	1
13765	3
13770	4
13780	3
13785	3
13790	2
13795	1
13800	2
13805	1
13810	2
13815	1
13820	2
13825	1
13835	1
13840	4
13850	1
13855	3
13860	2
13865	3
13870	2
13875	1
13880	4
13885	1
13890	1
13895	1
13900	2
13905	2
13910	1
13915	2
13920	3
13925	5
13930	4
13935	5
13940	4
13950	1
13955	1
13960	3
13965	1
13970	3
13975	3
13980	7
13985	7
13990	1
13995	1
14000	2
14005	5
14010	2
14020	3
14025	2
14030	1
14035	1
14040	3
14045	2
14050	1
14055	1
14060	1
14065	2
14070	2
14075	1
14080	2
14085	3
14095	4
14100	1
14105	2
14110	1
14115	1
14120	2
14130	3
14135	2
14140	1
14145	2
14150	1
14155	1
14160	1
14170	1
14180	2
14185	1
14195	3
14200	3
14205	2
14210	1
14215	4
14220	1
14225	4
14230	2
14240	4
14245	2
14250	1
14260	2
14265	2
14270	4
14275	3
14280	1
14295	2
14300	1
14310	2
14315	2
14320	3
14325	2
14330	1
14340	2
14345	2
14350	2
14355	3
14360	3
14365	3
14370	3
14375	1
14380	1
14390	2
14395	2
14400	1
14410	3
14415	2
14425	1
14430	3
14435	1
14440	1
14445	3
14450	3
14455	4
14460	2
14465	1
14470	2
14475	2
14485	3
14495	1
14500	1
14505	3
14510	1
14525	2
14530	2
14535	2
14540	1
14545	3
14555	1
14560	1
14565	3
14575	1
14580	1
14590	3
14595	4
14605	1
14610	1
14615	1
14620	3
14625	3
14630	2
14635	3
14640	1
14645	2
14655	2
14660	1
14665	1
14670	2
14675	3
14680	1
14685	2
14690	1
14695	2
14705	1
14710	1
14715	1
14720	1
14725	1
14735	2
14745	1
14755	3
14760	1
14765	2
14770	3
14775	1
14780	2
14785	2
14800	1
14805	2
14815	1
14820	1
14825	5
14830	1
14835	2
14840	3
14850	1
14855	4
14860	1
14865	2
14870	3
14880	2
14885	1
14895	1
14905	3
14910	2
14920	3
14925	2
14930	2
14935	1
14940	2
14955	2
14960	2
14965	1
14975	1
14980	4
14985	1
14995	1
15010	2
15015	1
15020	1
15025	2
15045	3
15055	2
15065	1
15070	3
15075	1
15090	1
15095	3
15105	2
15115	1
15120	1
15125	1
15135	1
15140	1
15145	1
15150	3
15155	1
15160	1
15165	1
15170	1
15175	1
15180	1
15190	2
15205	1
15210	1
15225	2
15230	1
15235	1
15240	1
15245	3
15250	1
15260	3
15265	2
15270	3
15280	2
15285	1
15290	1
15295	3
15300	1
15315	3
15320	2
15330	1
15340	1
15345	2
15355	2
15360	1
15365	2
15370	1
15380	2
15385	1
15395	2
15410	3
15420	2
15425	2
15430	1
15435	1
15440	1
15445	1
15455	1
15460	1
15475	1
15480	2
15485	3
15490	1
15505	3
15510	2
15515	1
15520	2
15530	1
15535	1
15540	1
15545	2
15550	3
15555	1
15560	1
15565	1
15580	2
15585	1
15590	1
15595	1
15600	2
15610	1
15615	1
15620	2
15635	3
15640	1
15645	2
15655	3
15660	2
15670	2
15675	3
15685	2
15690	3
15695	2
15705	1
15710	1
15720	1
15725	1
15730	2
15735	1
15740	2
15750	2
15760	1
15765	4
15770	1
15775	2
15780	3
15785	1
15790	1
15795	1
15800	1
15805	2
15810	6
15820	1
15830	1
15835	1
15840	2
15845	2
15850	1
15855	1
15860	2
15865	1
15870	1
15875	2
15880	1
15885	1
15890	1
15895	2
15905	2
15910	1
15915	1
15920	1
15925	2
15930	2
15940	2
15945	1
15950	1
15955	3
15960	1
15965	2
15970	1
15975	2
15990	1
15995	1
16005	4
16010	1
16015	2
16025	1
16030	1
16040	4
16045	2
16050	2
16065	3
16080	2
16085	1
16090	1
16095	2
16105	1
16110	1
16120	1
16130	1
16135	1
16155	1
16165	3
16170	3
16175	1
16200	4
16210	1
16225	2
16240	1
16250	2
16255	1
16260	2
16265	2
16270	3
16275	2
16280	4
16285	1
16290	2
16295	1
16300	2
16305	2
16320	1
16325	1
16330	4
16340	2
16350	2
16360	3
16365	1
16375	1
16385	1
16390	3
16395	1
16410	1
16415	1
16425	1
16440	3
16445	2
16455	1
16460	3
16475	1
16480	1
16495	2
16500	1
16505	1
16515	1
16520	2
16530	1
16535	1
16550	2
16560	1
16565	1
16585	2
16590	2
16595	1
16600	1
16615	1
16620	1
16625	1
16630	1
16635	1
16640	1
16645	1
16650	2
16660	2
16665	1
16670	1
16680	1
16690	3
16730	1
16750	1
16755	2
16760	2
16765	2
16775	1
16785	1
16795	3
16805	1
16815	1
16825	1
16830	1
16845	1
16850	2
16855	1
16870	1
16875	2
16885	1
16890	1
16905	1
16910	2
16925	1
16930	1
16935	1
16940	1
16950	1
16955	3
16965	1
16970	1
16975	1
16980	1
16985	1
16990	1
16995	1
17000	1
17005	3
17010	1
17020	1
17040	1
17045	2
17050	3
17060	2
17065	1
17070	2
17075	1
17085	1
17090	1
17100	3
17105	2
17110	1
17115	2
17125	2
17130	1
17135	1
17140	3
17145	1
17150	1
17155	1
17165	3
17170	2
17175	2
17180	2
17185	1
17190	2
17195	2
17200	1
17210	2
17215	1
17230	3
17240	1
17245	3
17250	1
17255	1
17265	2
17270	3
17275	1
17285	1
17290	1
17295	3
17300	1
17305	1
17320	1
17330	1
17335	1
17340	1
17345	1
17350	1
17355	1
17370	1
17375	1
17390	1
17395	2
17400	1
17410	1
17415	2
17420	1
17425	1
17440	4
17450	3
17455	1
17460	2
17465	1
17475	1
17480	2
17495	1
17500	2
17505	2
17510	1
17520	1
17535	1
17540	3
17550	1
17555	1
17560	2
17570	2
17575	2
17580	1
17585	2
17590	2
17595	1
17600	1
17605	2
17620	1
17625	1
17630	2
17645	2
17650	1
17670	2
17680	2
17690	1
17700	1
17715	1
17730	2
17735	2
17740	1
17750	1
17760	1
17765	2
17780	1
17790	1
17795	1
17800	1
17810	1
17815	1
17825	1
17835	2
17850	2
17855	2
17860	4
17870	2
17875	1
17885	1
17915	1
17920	1
17925	1
17935	1
17945	1
17950	1
17990	1
17995	2
18015	1
18025	1
18030	1
18035	1
18080	1
18100	1
18110	3
18115	1
18125	2
18140	2
18150	1
18155	1
18160	1
18165	1
18175	2
18180	2
18195	1
18200	3
18205	1
18210	1
18220	1
18225	2
18230	1
18235	1
18240	1
18250	1
18275	2
18280	2
18290	1
18295	1
18320	1
18330	2
18335	2
18355	1
18360	1
18365	1
18370	1
18380	2
18385	1
18390	1
18395	1
18400	2
18405	2
18415	1
18445	1
18455	1
18460	1
18465	1
18485	1
18490	1
18500	2
18505	1
18510	1
18515	4
18530	2
18535	1
18550	1
18555	1
18565	1
18575	2
18580	1
18595	1
18605	1
18620	1
18625	1
18635	1
18640	1
18675	3
18680	1
18695	1
18715	1
18720	1
18730	1
18735	2
18740	1
18745	2
18750	1
18765	1
18770	1
18775	1
18780	1
18800	1
18805	2
18810	1
18815	1
18830	1
18835	1
18840	1
18845	1
18850	1
18855	1
18865	1
18880	1
18885	1
18890	2
18925	2
18935	1
18945	1
18965	2
19005	1
19025	1
19040	2
19045	1
19080	1
19085	1
19090	1
19105	1
19110	1
19125	1
19135	1
19170	1
19200	1
19205	1
19215	1
19245	1
19275	2
19285	1
19290	1
19315	1
19330	1
19335	2
19355	1
19370	1
19390	1
19395	1
19400	1
19405	1
19410	2
19415	2
19420	1
19435	1
19445	1
19450	1
19490	1
19500	2
19520	1
19535	1
19550	1
19565	2
19575	1
19580	1
19590	1
19610	1
19615	1
19640	1
19655	1
19665	1
19675	1
19680	1
19690	1
19695	1
19700	1
19725	1
19755	1
19770	2
19775	1
19780	1
19805	3
19820	1
19825	1
19830	1
19855	1
19860	2
19870	2
19895	1
19920	1
19925	1
19940	1
19955	1
19960	1
19965	1
19970	2
19985	1
19995	1
20035	1
20045	1
20085	1
20100	1
20105	1
20155	1
20160	1
20170	1
20175	1
20210	1
20230	1
20265	1
20285	1
20320	1
20325	1
20335	1
20340	1
20370	1
20380	1
20420	1
20425	1
20455	1
20475	1
20485	1
20525	1
20540	1
20570	1
20575	1
20590	1
20600	1
20620	1
20635	2
20660	1
20665	1
20725	1
20760	1
20790	1
20805	1
20845	2
20855	1
20860	1
20890	1
20895	1
20905	2
20975	1
21010	1
21015	1
21085	1
21165	1
21210	1
21220	1
21225	1
21230	1
21290	1
21320	1
21330	1
21350	1
21355	1
21410	1
21425	1
21435	2
21445	1
21460	1
21465	1
21485	1
21500	1
21510	1
21520	1
21535	1
21545	1
21570	2
21575	2
21590	1
21605	1
21625	2
21635	1
21645	1
21665	2
21680	2
21690	1
21700	1
21710	3
21720	1
21735	1
21740	1
21755	1
21765	1
21775	1
21780	1
21790	2
21795	2
21800	2
21805	1
21810	1
21815	1
21820	2
21825	1
21835	1
21840	1
21845	2
21850	2
21860	1
21865	1
21870	3
21880	2
21895	1
21910	1
21915	3
21920	1
21925	1
21930	1
21935	2
21940	1
21945	1
21955	1
21960	1
21975	1
21980	1
21985	1
21990	5
22000	1
22010	1
22030	2
22035	1
22040	2
22055	1
22060	1
22065	1
22070	1
22100	1
22105	1
22110	1
22120	2
22125	1
22130	2
22140	1
22165	2
22170	1
22185	1
22210	1
22225	1
22230	2
22240	2
22260	1
22265	2
22270	1
22280	2
22285	1
22300	1
22305	2
22320	2
22330	2
22335	1
22340	2
22360	1
22380	1
22385	1
22405	2
22410	1
22415	1
22425	1
22445	2
22455	1
22460	1
22465	1
22470	1
22475	1
22485	3
22490	2
22495	2
22500	1
22510	1
22515	1
22520	2
22525	1
22530	1
22535	1
22550	2
22560	2
22565	1
22575	1
22580	1
22600	2
22610	2
22615	3
22625	2
22640	1
22650	2
22660	1
22665	4
22670	3
22675	1
22685	1
22690	1
22695	2
22705	1
22710	2
22740	1
22745	1
22750	2
22755	1
22760	1
22765	1
22770	1
22775	2
22805	3
22810	1
22835	1
22840	1
22845	1
22855	2
22860	1
22870	1
22875	1
22880	2
22890	1
22895	2
22900	2
22905	3
22910	3
22935	1
22940	3
22950	1
22955	2
22965	2
22970	2
22980	1
22985	1
23000	2
23030	2
23035	1
23040	1
23055	2
23060	1
23070	1
23085	1
23090	1
23105	2
23115	2
23125	1
23165	1
23180	3
23185	2
23190	2
23200	4
23210	1
23215	1
23220	2
23225	2
23235	2
23240	1
23250	1
23270	1
23280	1
23290	2
23320	1
23330	3
23335	1
23340	1
23345	1
23355	1
23360	2
23365	2
23370	1
23380	2
23390	1
23395	1
23400	1
23405	1
23410	1
23415	1
23440	1
23445	2
23455	1
23465	1
23470	1
23475	1
23495	1
23505	1
23520	1
23530	1
23550	1
23555	2
23575	1
23585	2
23590	2
23595	1
23610	1
23615	2
23620	1
23625	2
23635	2
23640	1
23645	1
23650	1
23670	1
23700	1
23725	1
23730	1
23740	1
23745	1
23750	1
23770	2
23830	1
23845	1
23850	1
23855	1
23860	1
23890	1
23905	1
23925	1
23940	1
23950	1
23985	1
23995	1
24020	1
24025	3
24045	1
24055	1
24070	2
24075	1
24085	1
24090	2
24095	2
24105	1
24115	1
24120	1
24125	1
24130	1
24135	1
24150	1
24170	1
24195	1
24200	1
24205	1
24215	2
24240	2
24275	1
24285	2
24295	1
24300	3
24305	3
24325	1
24340	1
24365	1
24375	1
24390	3
24395	1
24410	1
24420	1
24445	1
24455	2
24470	1
24505	1
24510	2
24550	1
24555	1
24570	1
24585	1
24590	1
24600	1
24615	1
24620	1
24625	1
24650	2
24690	1
24695	2
24710	1
24755	1
24760	1
24815	1
24825	1
24870	1
24890	1
24895	1
24900	1
24920	1
24935	1
24955	1
24960	2
24965	1
25055	1
25115	1
25125	2
25160	1
25170	1
25190	1
25235	1
25240	1
25290	1
25310	1
25315	2
25330	1
25365	1
25405	1
25425	1
25430	1
25435	1
25445	1
25450	2
25455	1
25525	1
25555	1
25560	2
25565	1
25660	1
25680	2
25760	1
25795	1
25815	1
25840	2
25905	2
25965	1
25975	1
25995	1
26060	1
26085	1
26120	1
26375	1
26380	1
26390	2
26475	1
26590	1
26615	1
26625	1
26655	1
26815	1
26820	1
26835	1
26845	1
26855	1
26940	2
27125	1
27200	1
27250	1
27255	1
27305	1
27330	1
27405	1
27495	1
27575	1
27685	1
27710	1
27765	1
27965	2
27985	1
27990	1
28015	1
28065	1
28205	1
28260	1
28295	1
28370	1
28390	1
28400	1
28430	1
28730	1
28775	1
28955	1
29065	1
29300	1
29420	1
29515	1
29545	1
29620	1
29670	1
29930	1
29960	1
30065	1
30075	1
30080	1
30140	1
30145	1
30165	2
30180	1
30190	1
30220	1
30255	2
30280	1
30300	1
30305	1
30335	1
30355	1
30375	1
30385	1
30395	1
30405	1
30420	1
30460	1
30485	1
30500	1
30540	1
30550	1
30560	2
30565	1
30570	1
30580	1
30585	1
30600	2
30615	1
30645	1
30650	1
30660	1
30685	2
30710	1
30725	1
30730	1
30740	1
30750	1
30825	1
30830	1
30845	2
30860	1
30865	1
30920	1
30935	1
31015	1
31025	1
31045	1
31050	1
31070	1
31075	1
31080	1
31115	1
31200	1
31210	1
31265	1
31335	1
31360	1
31380	1
31435	1
31455	1
31465	1
31470	1
31475	1
31505	2
31595	1
31705	1
31780	1
31795	1
31885	1
31900	1
31955	1
31985	1
32045	1
32055	1
32065	1
32070	1
32155	1
32170	1
32195	1
32250	1
32410	1
32530	1
32575	1
32910	1
32940	1
33095	2
33125	1
33335	1
33410	1
33440	1
33675	1
33750	1
33790	1
33895	1
34155	1
34180	1
34205	1
34310	1
34405	1
34475	1
34830	1
35110	1
35270	1
35785	1
35810	1
35940	1
35955	1
36250	1
36475	1
36495	1
36845	1
37085	1
37155	1
37385	1
37585	1
37740	1
38065	1
38345	1
38510	1
38605	2
38655	1
38840	1
39530	1
39605	1
39640	1
39750	1
40180	1
40475	1
40625	1
40795	1
41210	1
42065	1
42555	1
43060	1
43205	1
48675	1
49160	1
50160	1
50215	1
50645	1
51640	1
52200	1
52550	1
52855	1
52860	1
53650	1
54140	1
54815	1
55090	1
55185	1
55405	1
55755	1
55845	1
55960	1
56570	1
56635	1
57710	1
59935	1
60340	1
61280	1
62225	1
62660	1
64020	1
71365	1
72085	1
72595	1
73075	1
73810	1
73855	1
74285	1
74975	1
75675	1
75795	1
76100	1
76240	1
79270	1
100305	1
100560	1
100900	1
102390	1
104035	1
105650	1
